%YAML:1.0

#--------------------------------------------------------------------------------------------
# Camera Parameters. Adjust them!
#--------------------------------------------------------------------------------------------
File.version: "1.0"

Camera.type: "KannalaBrandt8"

# Left Camera calibration and distortion parameters (OpenCV)
Camera1.fx: 182.68857354747235
Camera1.fy: 182.2889838618654
Camera1.cx: 256.92154976291746
Camera1.cy: 252.49411307820433

# Kannala-Brandt distortion parameters
Camera1.k1: 0.015575911052377047
Camera1.k2: -0.007435249193326498
Camera1.k3: -0.0012094216495691353
Camera1.k4: -0.000534134752676307

# Right Camera calibration and distortion parameters (OpenCV)
Camera2.fx: 183.615543154185
Camera2.fy: 183.2423264742906
Camera2.cx: 256.3613048124907
Camera2.cy: 255.43386078519345

# Kannala-Brandt distortion parameters
Camera2.k1: -0.005123670931675617
Camera2.k2: 0.038348741271399918
Camera2.k3: -0.04185946034680327
Camera2.k4: 0.011598542907679194

Stereo.T_c1_c2: !!opencv-matrix
  rows: 4
  cols: 4
  dt: f
  data: [ 0.999743,   -0.00492374,   -0.0221432,   0.08894593684614699,
            0.00451086,   0.999816,   -0.0186575,   -0.0003988629478626633,
            0.0222309,  0.0185529,   0.999581,   0.001216562394007234,
            0.0,0.0,0.0,1.0]

# Camera resolution
Camera.width: 512
Camera.height: 512

# Lapping area between images
Camera1.overlappingBegin: 0
Camera1.overlappingEnd: 511

Camera2.overlappingBegin: 0
Camera2.overlappingEnd: 511

# Camera frames per second 
Camera.fps: 15

# Color order of the images (0: BGR, 1: RGB. It is ignored if images are grayscale)
Camera.RGB: 0
# Close/Far threshold. Baseline times.
Stereo.ThDepth: 40.0

# Transformation from body-frame (imu) to camera
IMU.T_b_c1: !!opencv-matrix
   rows: 4
   cols: 4
   dt: f
   data: [0.999984, 0.00378515, 0.00408326, 0.00849304, 
          -0.00385585, 0.99984, 0.0174492, -0.0114104,
         -0.00401656, -0.0174647, 0.999839, -0.0647818,
          0.0, 0.0, 0.0, 1.0]
# Do not insert KFs when recently lost
IMU.InsertKFsWhenLost: 0

# IMU noise (Use those from VINS-mono)
IMU.NoiseGyro: 1e-3 # 2.44e-4 #1e-3 # rad/s^0.5
IMU.NoiseAcc: 1e-2 # 1.47e-3 #1e-2 # m/s^1.5
IMU.GyroWalk: 1e-6 # rad/s^1.5
IMU.AccWalk: 1e-4 # m/s^2.5
IMU.Frequency: 200.0

#--------------------------------------------------------------------------------------------
# ORB Parameters
#--------------------------------------------------------------------------------------------

# ORB Extractor: Number of features per image
ORBextractor.nFeatures: 1500 # Tested with 1250

# ORB Extractor: Scale factor between levels in the scale pyramid 	
ORBextractor.scaleFactor: 1.2

# ORB Extractor: Number of levels in the scale pyramid	
ORBextractor.nLevels: 8

# ORB Extractor: Fast threshold
# Image is divided in a grid. At each cell FAST are extracted imposing a minimum response.
# Firstly we impose iniThFAST. If no corners are detected we impose a lower value minThFAST
# You can lower these values if your images have low contrast
ORBextractor.iniThFAST: 20
ORBextractor.minThFAST: 7

#--------------------------------------------------------------------------------------------
# Viewer Parameters
#--------------------------------------------------------------------------------------------
Viewer.KeyFrameSize: 0.05
Viewer.KeyFrameLineWidth: 1.0
Viewer.GraphLineWidth: 0.9
Viewer.PointSize: 2.0
Viewer.CameraSize: 0.08
Viewer.CameraLineWidth: 3.0
Viewer.ViewpointX: 0.0
Viewer.ViewpointY: -0.7
Viewer.ViewpointZ: -3.5
Viewer.ViewpointF: 500.0
